#This file contains the following instrument response data for IceCube-79 WH data sample:
# 1. Histograms of Nchan response distributions for muon energy 
#    intervals of log10(E) = 0.2;
#    Nchan values are corrected for the higher photocathode density within DeepCore 
#
#All histograms are normalized to 1.  The file has the following column content:
#H [Histogram number]
#E [log10(E_nu); lower bound]  [log10(E_nu); upper bound]
#h [Histogram bin]   [Nchan]   [Bin content]
#
####
H  4
E  1.4  1.6
h  0  0  0
h  1  1  0
h  2  2  0
h  3  3  0
h  4  4  0
h  5  5  0
h  6  6  0
h  7  7  0.0164779
h  8  8  0.0401648
h  9  9  0.038105
h  10  10  0.110196
h  11  11  0.193615
h  12  12  0.208033
h  13  13  0.116375
h  14  14  0.0957775
h  15  15  0.0628218
h  16  16  0.0422245
h  17  17  0.0205973
h  18  18  0.0123584
h  19  19  0.0102987
h  20  20  0.00720906
h  21  21  0.00411946
h  22  22  0.0030896
h  23  23  0.00205973
h  24  24  0.00514933
h  25  25  0
h  26  26  0.00205973
h  27  27  0.00205973
h  28  28  0
h  29  29  0.00205973
h  30  30  0.00102987
h  31  31  0
h  32  32  0.00102987
h  33  33  0
h  34  34  0
h  35  35  0
h  36  36  0
h  37  37  0
h  38  38  0
h  39  39  0
h  40  40  0
h  41  41  0
h  42  42  0.00102987
h  43  43  0
h  44  44  0
h  45  45  0
h  46  46  0
h  47  47  0
h  48  48  0.00102987
h  49  49  0.00102987
h  50  50  0
h  51  51  0
h  52  52  0
h  53  53  0
h  54  54  0
h  55  55  0
h  56  56  0
h  57  57  0
h  58  58  0
h  59  59  0
h  60  60  0
h  61  61  0
h  62  62  0
h  63  63  0
h  64  64  0
h  65  65  0
h  66  66  0
h  67  67  0
h  68  68  0
h  69  69  0
h  70  70  0
h  71  71  0
h  72  72  0
h  73  73  0
h  74  74  0
h  75  75  0
h  76  76  0
h  77  77  0
h  78  78  0
h  79  79  0
h  80  80  0
h  81  81  0
h  82  82  0
h  83  83  0
h  84  84  0
h  85  85  0
h  86  86  0
h  87  87  0
h  88  88  0
h  89  89  0
h  90  90  0
h  91  91  0
h  92  92  0
h  93  93  0
h  94  94  0
h  95  95  0
h  96  96  0
h  97  97  0
h  98  98  0
h  99  99  0
####
H  5
E  1.6  1.8
h  0  0  0
h  1  1  0
h  2  2  0
h  3  3  0
h  4  4  0
h  5  5  0
h  6  6  0
h  7  7  0.00545227
h  8  8  0.0174294
h  9  9  0.0244011
h  10  10  0.0816947
h  11  11  0.140329
h  12  12  0.172506
h  13  13  0.146317
h  14  14  0.122095
h  15  15  0.0873257
h  16  16  0.0626564
h  17  17  0.0398641
h  18  18  0.0293171
h  19  19  0.0205577
h  20  20  0.0137647
h  21  21  0.00867
h  22  22  0.00741866
h  23  23  0.00375402
h  24  24  0.0033965
h  25  25  0.00223454
h  26  26  0.00151949
h  27  27  0.00151949
h  28  28  0.00169825
h  29  29  0.00134072
h  30  30  0.000983196
h  31  31  0.000536289
h  32  32  0.000268144
h  33  33  0.000536289
h  34  34  0.000357526
h  35  35  0.000446907
h  36  36  8.93815e-05
h  37  37  0.000268144
h  38  38  0.000536289
h  39  39  0
h  40  40  0
h  41  41  0
h  42  42  8.93815e-05
h  43  43  0
h  44  44  0
h  45  45  0
h  46  46  0
h  47  47  8.93815e-05
h  48  48  0
h  49  49  8.93815e-05
h  50  50  8.93815e-05
h  51  51  8.93815e-05
h  52  52  0
h  53  53  8.93815e-05
h  54  54  0
h  55  55  8.93815e-05
h  56  56  0
h  57  57  0
h  58  58  0
h  59  59  0
h  60  60  0
h  61  61  0
h  62  62  0
h  63  63  8.93815e-05
h  64  64  0
h  65  65  0
h  66  66  0
h  67  67  0
h  68  68  0
h  69  69  0
h  70  70  0
h  71  71  0
h  72  72  0
h  73  73  0
h  74  74  0
h  75  75  0
h  76  76  0
h  77  77  0
h  78  78  0
h  79  79  0
h  80  80  0
h  81  81  0
h  82  82  0
h  83  83  0
h  84  84  0
h  85  85  0
h  86  86  0
h  87  87  0
h  88  88  0
h  89  89  0
h  90  90  0
h  91  91  0
h  92  92  0
h  93  93  0
h  94  94  0
h  95  95  0
h  96  96  0
h  97  97  0
h  98  98  0
h  99  99  0
####
H  6
E  1.8  2
h  0  0  0
h  1  1  0
h  2  2  0
h  3  3  0
h  4  4  0
h  5  5  0
h  6  6  0
h  7  7  0.001205
h  8  8  0.00504833
h  9  9  0.00972881
h  10  10  0.0461453
h  11  11  0.09484
h  12  12  0.127718
h  13  13  0.128935
h  14  14  0.124077
h  15  15  0.108602
h  16  16  0.086164
h  17  17  0.0671884
h  18  18  0.0485806
h  19  19  0.0379893
h  20  20  0.0287679
h  21  21  0.0207895
h  22  22  0.0150942
h  23  23  0.0111875
h  24  24  0.00863797
h  25  25  0.00643091
h  26  26  0.00492148
h  27  27  0.00336132
h  28  28  0.00293006
h  29  29  0.00214364
h  30  30  0.00194069
h  31  31  0.00126842
h  32  32  0.001205
h  33  33  0.000900581
h  34  34  0.000786423
h  35  35  0.000697633
h  36  36  0.00032979
h  37  37  0.000443948
h  38  38  0.000317106
h  39  39  0.000304422
h  40  40  0.000164895
h  41  41  0.000164895
h  42  42  0.000101474
h  43  43  0.000152211
h  44  44  0.000101474
h  45  45  5.0737e-05
h  46  46  0.000101474
h  47  47  7.61054e-05
h  48  48  5.0737e-05
h  49  49  3.80527e-05
h  50  50  5.0737e-05
h  51  51  5.0737e-05
h  52  52  5.0737e-05
h  53  53  1.26842e-05
h  54  54  0
h  55  55  3.80527e-05
h  56  56  1.26842e-05
h  57  57  2.53685e-05
h  58  58  2.53685e-05
h  59  59  0
h  60  60  1.26842e-05
h  61  61  0
h  62  62  0
h  63  63  0
h  64  64  1.26842e-05
h  65  65  0
h  66  66  0
h  67  67  0
h  68  68  0
h  69  69  0
h  70  70  1.26842e-05
h  71  71  0
h  72  72  0
h  73  73  0
h  74  74  0
h  75  75  0
h  76  76  0
h  77  77  0
h  78  78  0
h  79  79  0
h  80  80  1.26842e-05
h  81  81  0
h  82  82  0
h  83  83  0
h  84  84  0
h  85  85  0
h  86  86  0
h  87  87  0
h  88  88  0
h  89  89  0
h  90  90  0
h  91  91  0
h  92  92  0
h  93  93  0
h  94  94  0
h  95  95  0
h  96  96  0
h  97  97  0
h  98  98  0
h  99  99  0
####
H  7
E  2  2.2
h  0  0  0
h  1  1  0
h  2  2  0
h  3  3  0
h  4  4  0
h  5  5  0
h  6  6  0
h  7  7  0.000197521
h  8  8  0.0012459
h  9  9  0.00317554
h  10  10  0.0180656
h  11  11  0.0438092
h  12  12  0.0728702
h  13  13  0.0898672
h  14  14  0.10069
h  15  15  0.100604
h  16  16  0.0952407
h  17  17  0.0837896
h  18  18  0.0733159
h  19  19  0.062042
h  20  20  0.0510821
h  21  21  0.0424114
h  22  22  0.0343434
h  23  23  0.0268629
h  24  24  0.0215653
h  25  25  0.0169261
h  26  26  0.0125148
h  27  27  0.0100027
h  28  28  0.00777424
h  29  29  0.00638146
h  30  30  0.00499375
h  31  31  0.00389978
h  32  32  0.00302866
h  33  33  0.00232467
h  34  34  0.00193976
h  35  35  0.0016764
h  36  36  0.00139784
h  37  37  0.00105851
h  38  38  0.000855926
h  39  39  0.000749568
h  40  40  0.000526724
h  41  41  0.000536853
h  42  42  0.000349461
h  43  43  0.000288685
h  44  44  0.000263362
h  45  45  0.000197521
h  46  46  0.000202586
h  47  47  0.000126616
h  48  48  0.000111422
h  49  49  7.09051e-05
h  50  50  9.11637e-05
h  51  51  8.60991e-05
h  52  52  6.07758e-05
h  53  53  4.05172e-05
h  54  54  5.57112e-05
h  55  55  3.54526e-05
h  56  56  1.5194e-05
h  57  57  4.55819e-05
h  58  58  2.53233e-05
h  59  59  1.5194e-05
h  60  60  4.05172e-05
h  61  61  1.5194e-05
h  62  62  1.01293e-05
h  63  63  2.53233e-05
h  64  64  0
h  65  65  1.01293e-05
h  66  66  5.06465e-06
h  67  67  0
h  68  68  1.01293e-05
h  69  69  0
h  70  70  0
h  71  71  1.01293e-05
h  72  72  0
h  73  73  0
h  74  74  5.06465e-06
h  75  75  0
h  76  76  0
h  77  77  5.06465e-06
h  78  78  0
h  79  79  0
h  80  80  0
h  81  81  0
h  82  82  0
h  83  83  0
h  84  84  0
h  85  85  0
h  86  86  0
h  87  87  0
h  88  88  0
h  89  89  0
h  90  90  1.01293e-05
h  91  91  0
h  92  92  0
h  93  93  5.06465e-06
h  94  94  0
h  95  95  0
h  96  96  0
h  97  97  0
h  98  98  0
h  99  99  0
####
H  8
E  2.2  2.4
h  0  0  0
h  1  1  0
h  2  2  0
h  3  3  0
h  4  4  0
h  5  5  0
h  6  6  0
h  7  7  6.43451e-05
h  8  8  0.000411809
h  9  9  0.0012054
h  10  10  0.0079359
h  11  11  0.0224264
h  12  12  0.0399111
h  13  13  0.0569411
h  14  14  0.0695785
h  15  15  0.0776559
h  16  16  0.0809804
h  17  17  0.0793461
h  18  18  0.0748548
h  19  19  0.0691881
h  20  20  0.0622432
h  21  21  0.0553411
h  22  22  0.0483403
h  23  23  0.042575
h  24  24  0.0366553
h  25  25  0.0304524
h  26  26  0.0259182
h  27  27  0.0213025
h  28  28  0.0180252
h  29  29  0.0148852
h  30  30  0.0118867
h  31  31  0.00900402
h  32  32  0.0082233
h  33  33  0.00649456
h  34  34  0.00507039
h  35  35  0.00400655
h  36  36  0.00337168
h  37  37  0.00280116
h  38  38  0.00221347
h  39  39  0.00185314
h  40  40  0.00142846
h  41  41  0.00110674
h  42  42  0.000982335
h  43  43  0.000772141
h  44  44  0.000720665
h  45  45  0.000553368
h  46  46  0.000489023
h  47  47  0.000428967
h  48  48  0.000330305
h  49  49  0.000313146
h  50  50  0.000235932
h  51  51  0.000210194
h  52  52  0.000167297
h  53  53  0.000171587
h  54  54  0.000145849
h  55  55  6.86348e-05
h  56  56  9.86625e-05
h  57  57  9.00831e-05
h  58  58  6.43451e-05
h  59  59  3.43174e-05
h  60  60  6.00554e-05
h  61  61  4.71864e-05
h  62  62  3.86071e-05
h  63  63  1.71587e-05
h  64  64  2.5738e-05
h  65  65  3.00277e-05
h  66  66  2.5738e-05
h  67  67  3.00277e-05
h  68  68  2.14484e-05
h  69  69  1.2869e-05
h  70  70  4.28967e-06
h  71  71  1.71587e-05
h  72  72  8.57935e-06
h  73  73  8.57935e-06
h  74  74  4.28967e-06
h  75  75  8.57935e-06
h  76  76  8.57935e-06
h  77  77  0
h  78  78  4.28967e-06
h  79  79  0
h  80  80  8.57935e-06
h  81  81  8.57935e-06
h  82  82  0
h  83  83  0
h  84  84  0
h  85  85  4.28967e-06
h  86  86  0
h  87  87  0
h  88  88  0
h  89  89  0
h  90  90  4.28967e-06
h  91  91  0
h  92  92  0
h  93  93  4.28967e-06
h  94  94  0
h  95  95  0
h  96  96  0
h  97  97  4.28967e-06
h  98  98  0
h  99  99  0
####
H  9
E  2.4  2.6
h  0  0  0
h  1  1  0
h  2  2  0
h  3  3  0
h  4  4  0
h  5  5  0
h  6  6  4.72639e-06
h  7  7  2.83583e-05
h  8  8  0.000212688
h  9  9  0.000671147
h  10  10  0.00517067
h  11  11  0.0156018
h  12  12  0.0284529
h  13  13  0.0403114
h  14  14  0.0509127
h  15  15  0.0605214
h  16  16  0.0654463
h  17  17  0.067663
h  18  18  0.0680364
h  19  19  0.0656732
h  20  20  0.0620811
h  21  21  0.0583284
h  22  22  0.0528552
h  23  23  0.0479729
h  24  24  0.0435348
h  25  25  0.038038
h  26  26  0.0332549
h  27  27  0.0288641
h  28  28  0.025272
h  29  29  0.0213491
h  30  30  0.0181068
h  31  31  0.0154742
h  32  32  0.0132906
h  33  33  0.0117214
h  34  34  0.0100436
h  35  35  0.008257
h  36  36  0.00686744
h  37  37  0.00609232
h  38  38  0.00501943
h  39  39  0.0042443
h  40  40  0.00351643
h  41  41  0.00282165
h  42  42  0.00235847
h  43  43  0.00199926
h  44  44  0.00160225
h  45  45  0.00146518
h  46  46  0.00124304
h  47  47  0.000841297
h  48  48  0.000756222
h  49  49  0.000590799
h  50  50  0.00056244
h  51  51  0.000401743
h  52  52  0.000354479
h  53  53  0.00028831
h  54  54  0.000255225
h  55  55  0.000137065
h  56  56  0.000179603
h  57  57  0.000174876
h  58  58  0.00011816
h  59  59  0.000146518
h  60  60  0.000103981
h  61  61  0.000127613
h  62  62  8.03486e-05
h  63  63  3.78111e-05
h  64  64  7.56222e-05
h  65  65  3.30847e-05
h  66  66  3.30847e-05
h  67  67  9.45278e-06
h  68  68  4.72639e-05
h  69  69  1.89056e-05
h  70  70  2.83583e-05
h  71  71  3.30847e-05
h  72  72  2.83583e-05
h  73  73  1.89056e-05
h  74  74  1.41792e-05
h  75  75  1.41792e-05
h  76  76  1.41792e-05
h  77  77  1.41792e-05
h  78  78  0
h  79  79  4.72639e-06
h  80  80  4.72639e-06
h  81  81  0
h  82  82  1.89056e-05
h  83  83  1.41792e-05
h  84  84  9.45278e-06
h  85  85  0
h  86  86  0
h  87  87  0
h  88  88  0
h  89  89  0
h  90  90  0
h  91  91  0
h  92  92  0
h  93  93  4.72639e-06
h  94  94  0
h  95  95  4.72639e-06
h  96  96  0
h  97  97  4.72639e-06
h  98  98  0
h  99  99  0
####
H  10
E  2.6  2.8
h  0  0  0
h  1  1  0
h  2  2  0
h  3  3  0
h  4  4  0
h  5  5  0
h  6  6  0
h  7  7  1.79647e-05
h  8  8  0.000161682
h  9  9  0.000389236
h  10  10  0.00391032
h  11  11  0.0115513
h  12  12  0.0222463
h  13  13  0.0315221
h  14  14  0.0420374
h  15  15  0.0507144
h  16  16  0.0557565
h  17  17  0.0590979
h  18  18  0.0596249
h  19  19  0.0603914
h  20  20  0.058547
h  21  21  0.0569062
h  22  22  0.0537444
h  23  23  0.0510198
h  24  24  0.0457621
h  25  25  0.0418338
h  26  26  0.0377738
h  27  27  0.033612
h  28  28  0.0292226
h  29  29  0.0263423
h  30  30  0.0221744
h  31  31  0.0201804
h  32  32  0.0174797
h  33  33  0.0153718
h  34  34  0.0133059
h  35  35  0.0114136
h  36  36  0.010192
h  37  37  0.00900032
h  38  38  0.00758111
h  39  39  0.00672479
h  40  40  0.00537744
h  41  41  0.00472472
h  42  42  0.004072
h  43  43  0.00311987
h  44  44  0.00271866
h  45  45  0.00229948
h  46  46  0.0017845
h  47  47  0.00155694
h  48  48  0.00128148
h  49  49  0.00107189
h  50  50  0.000886259
h  51  51  0.000634753
h  52  52  0.000652718
h  53  53  0.000562894
h  54  54  0.0004072
h  55  55  0.000437141
h  56  56  0.000413189
h  57  57  0.000275459
h  58  58  0.000287435
h  59  59  0.000227553
h  60  60  0.000227553
h  61  61  0.000173659
h  62  62  0.000107788
h  63  63  0.000131741
h  64  64  8.38353e-05
h  65  65  7.78471e-05
h  66  66  0.000125753
h  67  67  0.000125753
h  68  68  7.78471e-05
h  69  69  2.99412e-05
h  70  70  5.38942e-05
h  71  71  4.19177e-05
h  72  72  3.59294e-05
h  73  73  4.79059e-05
h  74  74  4.19177e-05
h  75  75  1.19765e-05
h  76  76  2.99412e-05
h  77  77  2.99412e-05
h  78  78  0
h  79  79  2.3953e-05
h  80  80  0
h  81  81  0
h  82  82  1.19765e-05
h  83  83  5.98824e-06
h  84  84  5.98824e-06
h  85  85  5.98824e-06
h  86  86  0
h  87  87  1.19765e-05
h  88  88  0
h  89  89  5.98824e-06
h  90  90  5.98824e-06
h  91  91  0
h  92  92  0
h  93  93  0
h  94  94  0
h  95  95  1.19765e-05
h  96  96  5.98824e-06
h  97  97  0
h  98  98  0
h  99  99  0
####
H  11
E  2.8  3
h  0  0  0
h  1  1  0
h  2  2  0
h  3  3  0
h  4  4  0
h  5  5  0
h  6  6  0
h  7  7  4.03288e-05
h  8  8  8.06575e-05
h  9  9  0.000298433
h  10  10  0.00333922
h  11  11  0.00917076
h  12  12  0.0172607
h  13  13  0.0257459
h  14  14  0.0341423
h  15  15  0.0415225
h  16  16  0.0478057
h  17  17  0.0502819
h  18  18  0.0543148
h  19  19  0.0541777
h  20  20  0.0559925
h  21  21  0.0548148
h  22  22  0.0528307
h  23  23  0.0514514
h  24  24  0.0471282
h  25  25  0.043668
h  26  26  0.0413047
h  27  27  0.0367234
h  28  28  0.0334971
h  29  29  0.0295529
h  30  30  0.0259153
h  31  31  0.0229067
h  32  32  0.0208177
h  33  33  0.0185835
h  34  34  0.0158492
h  35  35  0.0149136
h  36  36  0.0128568
h  37  37  0.011526
h  38  38  0.010179
h  39  39  0.00906591
h  40  40  0.00733983
h  41  41  0.0064526
h  42  42  0.00600092
h  43  43  0.00488785
h  44  44  0.00438777
h  45  45  0.0037909
h  46  46  0.00314564
h  47  47  0.00259717
h  48  48  0.00187125
h  49  49  0.00158895
h  50  50  0.00130665
h  51  51  0.00118567
h  52  52  0.00102435
h  53  53  0.000725918
h  54  54  0.000742049
h  55  55  0.00053234
h  56  56  0.000572668
h  57  57  0.000475879
h  58  58  0.000435551
h  59  59  0.000371025
h  60  60  0.000282301
h  61  61  0.000338762
h  62  62  0.000233907
h  63  63  0.000258104
h  64  64  0.000145184
h  65  65  0.00020971
h  66  66  9.6789e-05
h  67  67  9.6789e-05
h  68  68  0.000104855
h  69  69  0.000120986
h  70  70  7.25918e-05
h  71  71  8.06575e-05
h  72  72  9.6789e-05
h  73  73  4.83945e-05
h  74  74  4.83945e-05
h  75  75  2.41973e-05
h  76  76  5.64603e-05
h  77  77  4.83945e-05
h  78  78  0
h  79  79  2.41973e-05
h  80  80  4.83945e-05
h  81  81  3.2263e-05
h  82  82  2.41973e-05
h  83  83  1.61315e-05
h  84  84  8.06575e-06
h  85  85  1.61315e-05
h  86  86  3.2263e-05
h  87  87  3.2263e-05
h  88  88  4.03288e-05
h  89  89  2.41973e-05
h  90  90  8.06575e-06
h  91  91  8.06575e-06
h  92  92  1.61315e-05
h  93  93  8.06575e-06
h  94  94  0
h  95  95  8.06575e-06
h  96  96  2.41973e-05
h  97  97  1.61315e-05
h  98  98  0
h  99  99  0
####
H  12
E  3  3.2
h  0  0  0
h  1  1  0
h  2  2  0
h  3  3  0
h  4  4  0
h  5  5  0
h  6  6  0
h  7  7  1.20807e-05
h  8  8  8.45646e-05
h  9  9  0.000265774
h  10  10  0.00244029
h  11  11  0.00735712
h  12  12  0.0146297
h  13  13  0.0203438
h  14  14  0.0293077
h  15  15  0.0353842
h  16  16  0.0408688
h  17  17  0.0436595
h  18  18  0.0487817
h  19  19  0.0496394
h  20  20  0.0496152
h  21  21  0.0515844
h  22  22  0.0508716
h  23  23  0.0486125
h  24  24  0.047332
h  25  25  0.0443843
h  26  26  0.0409172
h  27  27  0.0389359
h  28  28  0.0344178
h  29  29  0.0318808
h  30  30  0.0287882
h  31  31  0.0244512
h  32  32  0.0225787
h  33  33  0.021117
h  34  34  0.0192203
h  35  35  0.0171908
h  36  36  0.0165747
h  37  37  0.0142068
h  38  38  0.0125518
h  39  39  0.0112833
h  40  40  0.0105343
h  41  41  0.00926586
h  42  42  0.00860142
h  43  43  0.00671684
h  44  44  0.00645107
h  45  45  0.00536381
h  46  46  0.00451816
h  47  47  0.00413158
h  48  48  0.00314097
h  49  49  0.00279063
h  50  50  0.00212619
h  51  51  0.00190874
h  52  52  0.00165505
h  53  53  0.00166713
h  54  54  0.00135303
h  55  55  0.00109934
h  56  56  0.000990613
h  57  57  0.000990613
h  58  58  0.000724839
h  59  59  0.000579871
h  60  60  0.000688597
h  61  61  0.000664436
h  62  62  0.000386581
h  63  63  0.000410742
h  64  64  0.000446984
h  65  65  0.000519468
h  66  66  0.000350339
h  67  67  0.000277855
h  68  68  0.00019329
h  69  69  0.000314097
h  70  70  0.000144968
h  71  71  0.000120807
h  72  72  0.00019329
h  73  73  0.000132887
h  74  74  0.000120807
h  75  75  0.000108726
h  76  76  8.45646e-05
h  77  77  7.24839e-05
h  78  78  7.24839e-05
h  79  79  0.000108726
h  80  80  7.24839e-05
h  81  81  3.6242e-05
h  82  82  4.83226e-05
h  83  83  3.6242e-05
h  84  84  2.41613e-05
h  85  85  0
h  86  86  0
h  87  87  3.6242e-05
h  88  88  4.83226e-05
h  89  89  2.41613e-05
h  90  90  0
h  91  91  2.41613e-05
h  92  92  7.24839e-05
h  93  93  1.20807e-05
h  94  94  3.6242e-05
h  95  95  3.6242e-05
h  96  96  0
h  97  97  0
h  98  98  1.20807e-05
h  99  99  0
####
H  13
E  3.2  3.4
h  0  0  0
h  1  1  0
h  2  2  0
h  3  3  0
h  4  4  0
h  5  5  0
h  6  6  0
h  7  7  0
h  8  8  7.47314e-05
h  9  9  0.000280243
h  10  10  0.00173751
h  11  11  0.00605325
h  12  12  0.0124428
h  13  13  0.018029
h  14  14  0.0239514
h  15  15  0.0307894
h  16  16  0.0357403
h  17  17  0.0394021
h  18  18  0.0430453
h  19  19  0.045362
h  20  20  0.0472676
h  21  21  0.0461093
h  22  22  0.0465764
h  23  23  0.0474731
h  24  24  0.045717
h  25  25  0.0411583
h  26  26  0.0396824
h  27  27  0.037291
h  28  28  0.0351611
h  29  29  0.03234
h  30  30  0.0298926
h  31  31  0.0267725
h  32  32  0.0254087
h  33  33  0.0236338
h  34  34  0.0217282
h  35  35  0.0197851
h  36  36  0.0178234
h  37  37  0.0166651
h  38  38  0.016553
h  39  39  0.0141056
h  40  40  0.0135824
h  41  41  0.0110789
h  42  42  0.00988323
h  43  43  0.00898646
h  44  44  0.00887436
h  45  45  0.00764129
h  46  46  0.0070808
h  47  47  0.00575432
h  48  48  0.00433442
h  49  49  0.0040355
h  50  50  0.00330687
h  51  51  0.00285848
h  52  52  0.00257823
h  53  53  0.00226063
h  54  54  0.00212985
h  55  55  0.00158804
h  56  56  0.0018496
h  57  57  0.00134517
h  58  58  0.00121439
h  59  59  0.00147595
h  60  60  0.00112097
h  61  61  0.000840729
h  62  62  0.000840729
h  63  63  0.00078468
h  64  64  0.000579169
h  65  65  0.000560486
h  66  66  0.000616534
h  67  67  0.000205511
h  68  68  0.00039234
h  69  69  0.000280243
h  70  70  0.000317609
h  71  71  0.000373657
h  72  72  0.000168146
h  73  73  0.000336291
h  74  74  0.000298926
h  75  75  0.00013078
h  76  76  0.000112097
h  77  77  0.000168146
h  78  78  0.000242877
h  79  79  0.00013078
h  80  80  0.000205511
h  81  81  0.00013078
h  82  82  0.000112097
h  83  83  5.60486e-05
h  84  84  1.86829e-05
h  85  85  3.73657e-05
h  86  86  9.34143e-05
h  87  87  3.73657e-05
h  88  88  3.73657e-05
h  89  89  3.73657e-05
h  90  90  9.34143e-05
h  91  91  0
h  92  92  3.73657e-05
h  93  93  9.34143e-05
h  94  94  1.86829e-05
h  95  95  5.60486e-05
h  96  96  5.60486e-05
h  97  97  3.73657e-05
h  98  98  0
h  99  99  1.86829e-05
####
H  14
E  3.4  3.6
h  0  0  0
h  1  1  0
h  2  2  0
h  3  3  0
h  4  4  0
h  5  5  0
h  6  6  0
h  7  7  0
h  8  8  0
h  9  9  0.000154292
h  10  10  0.00169722
h  11  11  0.0056471
h  12  12  0.0104919
h  13  13  0.0169722
h  14  14  0.0218478
h  15  15  0.0282047
h  16  16  0.0299019
h  17  17  0.0362279
h  18  18  0.039036
h  19  19  0.0393137
h  20  20  0.0444362
h  21  21  0.0439733
h  22  22  0.0432636
h  23  23  0.0446214
h  24  24  0.0433562
h  25  25  0.0393754
h  26  26  0.0375856
h  27  27  0.0349627
h  28  28  0.0338209
h  29  29  0.0321237
h  30  30  0.0287601
h  31  31  0.026816
h  32  32  0.0240079
h  33  33  0.0234833
h  34  34  0.0232673
h  35  35  0.0196877
h  36  36  0.0196877
h  37  37  0.0186385
h  38  38  0.0166636
h  39  39  0.0164476
h  40  40  0.0154292
h  41  41  0.0153058
h  42  42  0.0129914
h  43  43  0.0121582
h  44  44  0.0119422
h  45  45  0.00947355
h  46  46  0.0081775
h  47  47  0.00722089
h  48  48  0.00589397
h  49  49  0.00567796
h  50  50  0.00521508
h  51  51  0.00459791
h  52  52  0.00373388
h  53  53  0.00339443
h  54  54  0.00314757
h  55  55  0.00317842
h  56  56  0.00243782
h  57  57  0.00243782
h  58  58  0.00212924
h  59  59  0.00222181
h  60  60  0.0020058
h  61  61  0.00145035
h  62  62  0.00129606
h  63  63  0.000833179
h  64  64  0.00141949
h  65  65  0.00138863
h  66  66  0.000894896
h  67  67  0.000771462
h  68  68  0.000802321
h  69  69  0.000864038
h  70  70  0.000802321
h  71  71  0.000370302
h  72  72  0.00061717
h  73  73  0.000555453
h  74  74  0.00061717
h  75  75  0.000246868
h  76  76  0.000216009
h  77  77  0.000339443
h  78  78  0.000216009
h  79  79  9.25755e-05
h  80  80  0.000339443
h  81  81  0.000308585
h  82  82  0.000185151
h  83  83  9.25755e-05
h  84  84  0.000277726
h  85  85  0.000154292
h  86  86  6.1717e-05
h  87  87  9.25755e-05
h  88  88  0.000123434
h  89  89  0
h  90  90  9.25755e-05
h  91  91  6.1717e-05
h  92  92  3.08585e-05
h  93  93  6.1717e-05
h  94  94  0.000123434
h  95  95  3.08585e-05
h  96  96  6.1717e-05
h  97  97  6.1717e-05
h  98  98  0
h  99  99  9.25755e-05
####
H  15
E  3.6  3.8
h  0  0  0
h  1  1  0
h  2  2  0
h  3  3  0
h  4  4  0
h  5  5  0
h  6  6  0
h  7  7  0
h  8  8  5.88374e-05
h  9  9  5.88374e-05
h  10  10  0.00135326
h  11  11  0.00453048
h  12  12  0.01012
h  13  13  0.0136503
h  14  14  0.0206519
h  15  15  0.0240056
h  16  16  0.0276536
h  17  17  0.0329489
h  18  18  0.0350671
h  19  19  0.0395387
h  20  20  0.0395976
h  21  21  0.0394799
h  22  22  0.0385973
h  23  23  0.0410685
h  24  24  0.0410685
h  25  25  0.0372441
h  26  26  0.0355966
h  27  27  0.0338903
h  28  28  0.0301247
h  29  29  0.0325371
h  30  30  0.0275359
h  31  31  0.0246529
h  32  32  0.0232996
h  33  33  0.0235938
h  34  34  0.0233584
h  35  35  0.0221817
h  36  36  0.0205342
h  37  37  0.0193575
h  38  38  0.0175924
h  39  39  0.01771
h  40  40  0.0174159
h  41  41  0.0159449
h  42  42  0.0156507
h  43  43  0.0140033
h  44  44  0.0124147
h  45  45  0.0121205
h  46  46  0.0100612
h  47  47  0.0106496
h  48  48  0.00911979
h  49  49  0.00753118
h  50  50  0.00717816
h  51  51  0.00511885
h  52  52  0.00482466
h  53  53  0.00453048
h  54  54  0.00411862
h  55  55  0.00364792
h  56  56  0.0044128
h  57  57  0.00335373
h  58  58  0.00341257
h  59  59  0.00311838
h  60  60  0.00276536
h  61  61  0.00253001
h  62  62  0.00211815
h  63  63  0.00223582
h  64  64  0.00164745
h  65  65  0.00241233
h  66  66  0.00194163
h  67  67  0.00158861
h  68  68  0.00111791
h  69  69  0.00111791
h  70  70  0.00117675
h  71  71  0.00100024
h  72  72  0.00135326
h  73  73  0.000529536
h  74  74  0.000588374
h  75  75  0.000706049
h  76  76  0.000235349
h  77  77  0.000764886
h  78  78  0.000529536
h  79  79  0.000411862
h  80  80  0.000529536
h  81  81  0.000353024
h  82  82  0.000529536
h  83  83  5.88374e-05
h  84  84  0.000294187
h  85  85  0.000353024
h  86  86  0.000353024
h  87  87  0.000294187
h  88  88  5.88374e-05
h  89  89  0.000411862
h  90  90  0.000117675
h  91  91  5.88374e-05
h  92  92  0.000117675
h  93  93  0.000117675
h  94  94  0
h  95  95  0.000117675
h  96  96  0.000117675
h  97  97  0.000235349
h  98  98  0
h  99  99  0.000176512
####
H  16
E  3.8  4
h  0  0  0
h  1  1  0
h  2  2  0
h  3  3  0
h  4  4  0
h  5  5  0
h  6  6  0
h  7  7  0
h  8  8  0
h  9  9  0
h  10  10  0.00139738
h  11  11  0.00576419
h  12  12  0.00978166
h  13  13  0.0139738
h  14  14  0.0200873
h  15  15  0.0225328
h  16  16  0.0223581
h  17  17  0.0333624
h  18  18  0.0337118
h  19  19  0.0319651
h  20  20  0.0361572
h  21  21  0.0363319
h  22  22  0.0359825
h  23  23  0.0386026
h  24  24  0.0441921
h  25  25  0.0406987
h  26  26  0.0365065
h  27  27  0.0359825
h  28  28  0.0302183
h  29  29  0.030393
h  30  30  0.0230568
h  31  31  0.0260262
h  32  32  0.0274236
h  33  33  0.0248035
h  34  34  0.0223581
h  35  35  0.0199127
h  36  36  0.0179913
h  37  37  0.0185153
h  38  38  0.0206114
h  39  39  0.0195633
h  40  40  0.0160699
h  41  41  0.0164192
h  42  42  0.0129258
h  43  43  0.0132751
h  44  44  0.0122271
h  45  45  0.0132751
h  46  46  0.0117031
h  47  47  0.0108297
h  48  48  0.00838428
h  49  49  0.00786026
h  50  50  0.00733624
h  51  51  0.00838428
h  52  52  0.00524017
h  53  53  0.00524017
h  54  54  0.00524017
h  55  55  0.00558952
h  56  56  0.0050655
h  57  57  0.00436681
h  58  58  0.00384279
h  59  59  0.00454148
h  60  60  0.00419214
h  61  61  0.0031441
h  62  62  0.00349345
h  63  63  0.00227074
h  64  64  0.00279476
h  65  65  0.00209607
h  66  66  0.00244541
h  67  67  0.00139738
h  68  68  0.00157205
h  69  69  0.00139738
h  70  70  0.00174672
h  71  71  0.00139738
h  72  72  0.000873362
h  73  73  0.00069869
h  74  74  0.00157205
h  75  75  0.00069869
h  76  76  0.000524017
h  77  77  0.000873362
h  78  78  0.000524017
h  79  79  0.00069869
h  80  80  0.000349345
h  81  81  0.000174672
h  82  82  0.00069869
h  83  83  0.000174672
h  84  84  0.000349345
h  85  85  0
h  86  86  0.000524017
h  87  87  0.000174672
h  88  88  0.00069869
h  89  89  0.00069869
h  90  90  0.000524017
h  91  91  0
h  92  92  0
h  93  93  0.000174672
h  94  94  0.000524017
h  95  95  0.000174672
h  96  96  0
h  97  97  0
h  98  98  0
h  99  99  0.000174672
####
