#This file contains dummy instrument response data for IceCube-86, 
#copied from the corresponding IC22 file.  Do not use this file
#for spectral analysis of IceCube-86 data or predictions.
#
####
H  0
E  1.6  1.8
h  0  7  0
h  1  8  0
h  2  9  0
h  3  10  0.642857
h  4  11  0.285714
h  5  12  0
h  6  13  0.0714286
h  7  14  0
h  8  15  0
h  9  16  0
h  10  17  0
h  11  18  0
h  12  19  0
h  13  20  0
h  14  21  0
h  15  22  0
h  16  23  0
h  17  24  0
h  18  25  0
h  19  26  0
####
H  1
E  1.8  2
h  0  7  0
h  1  8  0
h  2  9  0
h  3  10  0.400373
h  4  11  0.3026
h  5  12  0.154703
h  6  13  0.0841585
h  7  14  0.0358911
h  8  15  0.0148515
h  9  16  0.00371287
h  10  17  0.00309406
h  11  18  0
h  12  19  0.000618812
h  13  20  0
h  14  21  0
h  15  22  0
h  16  23  0
h  17  24  0
h  18  25  0
h  19  26  0
####
H  2
E  2  2.2
h  0  7  0
h  1  8  0
h  2  9  0
h  3  10  0.27346
h  4  11  0.24195
h  5  12  0.183354
h  6  13  0.126202
h  7  14  0.0836525
h  8  15  0.0443311
h  9  16  0.0272611
h  10  17  0.0116348
h  11  18  0.00492569
h  12  19  0.00203822
h  13  20  0.000764331
h  14  21  0.000254777
h  15  22  8.49257e-05
h  16  23  8.49257e-05
h  17  24  0
h  18  25  0
h  19  26  0
####
H  3
E  2.2  2.4
h  0  7  0
h  1  8  0
h  2  9  0
h  3  10  0.181538
h  4  11  0.19398
h  5  12  0.171133
h  6  13  0.142065
h  7  14  0.108439
h  8  15  0.0756612
h  9  16  0.052255
h  10  17  0.0311461
h  11  18  0.0207763
h  12  19  0.0113695
h  13  20  0.00514777
h  14  21  0.00337012
h  15  22  0.00185171
h  16  23  0.000814754
h  17  24  0.000333309
h  18  25  0.000111103
h  19  26  0
####
H  4
E  2.4  2.6
h  0  7  0
h  1  8  0
h  2  9  2.89076e-05
h  3  10  0.142604
h  4  11  0.155266
h  5  12  0.15278
h  6  13  0.1398
h  7  14  0.116269
h  8  15  0.0894417
h  9  16  0.0671824
h  10  17  0.047756
h  11  18  0.033273
h  12  19  0.02223
h  13  20  0.014367
h  14  21  0.00875901
h  15  22  0.00471194
h  16  23  0.00277513
h  17  24  0.00164773
h  18  25  0.0011274
h  19  26  0
####
H  5
E  2.6  2.8
h  0  7  0
h  1  8  0
h  2  9  0
h  3  10  0.118139
h  4  11  0.137679
h  5  12  0.139591
h  6  13  0.126833
h  7  14  0.113688
h  8  15  0.092953
h  9  16  0.0744593
h  10  17  0.0584448
h  11  18  0.0420105
h  12  19  0.0317017
h  13  20  0.0220509
h  14  21  0.0159257
h  15  22  0.0107566
h  16  23  0.00741005
h  17  24  0.00525875
h  18  25  0.00307757
h  19  26  0
####
H  6
E  2.8  3
h  0  7  0
h  1  8  0
h  2  9  0
h  3  10  0.107434
h  4  11  0.120565
h  5  12  0.128133
h  6  13  0.122984
h  7  14  0.111684
h  8  15  0.0929895
h  9  16  0.0766101
h  10  17  0.0606799
h  11  18  0.0484126
h  12  19  0.0379076
h  13  20  0.0290268
h  14  21  0.0201114
h  15  22  0.0168977
h  16  23  0.0121981
h  17  24  0.00867341
h  18  25  0.00570164
h  19  26  0
####
H  7
E  3  3.2
h  0  7  0
h  1  8  0
h  2  9  0
h  3  10  0.0909159
h  4  11  0.108938
h  5  12  0.115393
h  6  13  0.119473
h  7  14  0.106203
h  8  15  0.0960265
h  9  16  0.0827119
h  10  17  0.0637936
h  11  18  0.0529895
h  12  19  0.0436649
h  13  20  0.0336229
h  14  21  0.0256432
h  15  22  0.0201291
h  16  23  0.0171703
h  17  24  0.012194
h  18  25  0.0111181
h  19  26  0
####
H  8
E  3.2  3.4
h  0  7  0
h  1  8  0
h  2  9  0
h  3  10  0.0784248
h  4  11  0.0950649
h  5  12  0.103874
h  6  13  0.10259
h  7  14  0.100693
h  8  15  0.0944531
h  9  16  0.0875401
h  10  17  0.0738977
h  11  18  0.0600719
h  12  19  0.0493667
h  13  20  0.0414142
h  14  21  0.0327276
h  15  22  0.0265491
h  16  23  0.0214718
h  17  24  0.0178014
h  18  25  0.0140698
h  19  26  0
####
H  9
E  3.4  3.6
h  0  7  0
h  1  8  0
h  2  9  0
h  3  10  0.0639096
h  4  11  0.078438
h  5  12  0.085212
h  6  13  0.0963534
h  7  14  0.0897577
h  8  15  0.0955512
h  9  16  0.0868164
h  10  17  0.0786163
h  11  18  0.0650683
h  12  19  0.058205
h  13  20  0.0507177
h  14  21  0.0408237
h  15  22  0.0345843
h  16  23  0.0286122
h  17  24  0.0254034
h  18  25  0.0219271
h  19  26  0
####
H  10
E  3.6  3.8
h  0  7  0
h  1  8  0
h  2  9  0
h  3  10  0.0475024
h  4  11  0.0658773
h  5  12  0.0760853
h  6  13  0.080713
h  7  14  0.0857489
h  8  15  0.0869739
h  9  16  0.08711
h  10  17  0.0843879
h  11  18  0.0695522
h  12  19  0.0658773
h  13  20  0.0585274
h  14  21  0.0509052
h  15  22  0.045733
h  16  23  0.034708
h  17  24  0.0344357
h  18  25  0.0258608
h  19  26  0
####
H  11
E  3.8  4
h  0  7  0
h  1  8  0
h  2  9  0
h  3  10  0.0401374
h  4  11  0.0562354
h  5  12  0.0654649
h  6  13  0.0699723
h  7  14  0.0839236
h  8  15  0.0764114
h  9  16  0.0774845
h  10  17  0.0811334
h  11  18  0.0772699
h  12  19  0.0667527
h  13  20  0.0633185
h  14  21  0.0512987
h  15  22  0.0528012
h  16  23  0.0519426
h  17  24  0.0467913
h  18  25  0.0390642
h  19  26  0
####
H  12
E  4  4.2
h  0  7  0
h  1  8  0
h  2  9  0
h  3  10  0.0330951
h  4  11  0.0477624
h  5  12  0.0571645
h  6  13  0.0669426
h  7  14  0.0654383
h  8  15  0.0804816
h  9  16  0.0695752
h  10  17  0.0793533
h  11  18  0.0804816
h  12  19  0.0786012
h  13  20  0.0707034
h  14  21  0.06431
h  15  22  0.0534036
h  16  23  0.055284
h  17  24  0.0500189
h  18  25  0.0473863
h  19  26  0
####
H  13
E  4.2  4.4
h  0  7  0
h  1  8  0
h  2  9  0
h  3  10  0.0266311
h  4  11  0.0432756
h  5  12  0.0559255
h  6  13  0.0645806
h  7  14  0.063249
h  8  15  0.0719041
h  9  16  0.0665779
h  10  17  0.0778961
h  11  18  0.0785619
h  12  19  0.0712384
h  13  20  0.0659121
h  14  21  0.0585886
h  15  22  0.0645806
h  16  23  0.0612517
h  17  24  0.0725699
h  18  25  0.057257
h  19  26  0
####
H  14
E  4.4  4.6
h  0  7  0
h  1  8  0
h  2  9  0
h  3  10  0.0269576
h  4  11  0.055199
h  5  12  0.0564827
h  6  13  0.0616175
h  7  14  0.0603338
h  8  15  0.0783055
h  9  16  0.0718871
h  10  17  0.0590501
h  11  18  0.0718871
h  12  19  0.0757382
h  13  20  0.0641849
h  14  21  0.0616175
h  15  22  0.0795892
h  16  23  0.0693197
h  17  24  0.0526316
h  18  25  0.055199
h  19  26  0
####
H  15
E  4.6  4.8
h  0  7  0
h  1  8  0
h  2  9  0
h  3  10  0.0332481
h  4  11  0.0613811
h  5  12  0.0537084
h  6  13  0.0460358
h  7  14  0.0664962
h  8  15  0.0741688
h  9  16  0.056266
h  10  17  0.0690537
h  11  18  0.0664962
h  12  19  0.0741688
h  13  20  0.104859
h  14  21  0.0716113
h  15  22  0.0460358
h  16  23  0.0409207
h  17  24  0.0741688
h  18  25  0.0613811
h  19  26  0
####
H  16
E  4.8  5
h  0  7  0
h  1  8  0
h  2  9  0
h  3  10  0.037037
h  4  11  0.0416667
h  5  12  0.0509259
h  6  13  0.0694444
h  7  14  0.0648148
h  8  15  0.0740741
h  9  16  0.0648148
h  10  17  0.0648148
h  11  18  0.0740741
h  12  19  0.0694444
h  13  20  0.0833333
h  14  21  0.0601852
h  15  22  0.0694444
h  16  23  0.0694444
h  17  24  0.0740741
h  18  25  0.0324074
h  19  26  0
####
H  17
E  5  5.2
h  0  7  0
h  1  8  0
h  2  9  0
h  3  10  0.0833333
h  4  11  0.0729167
h  5  12  0.03125
h  6  13  0.104167
h  7  14  0.0416667
h  8  15  0.0520833
h  9  16  0.0833333
h  10  17  0.0729167
h  11  18  0.0625
h  12  19  0.0520833
h  13  20  0.0416667
h  14  21  0.0520833
h  15  22  0.0833333
h  16  23  0.0625
h  17  24  0.0416667
h  18  25  0.0625
h  19  26  0
####
H  18
E  5.2  5.4
h  0  7  0
h  1  8  0
h  2  9  0
h  3  10  0
h  4  11  0.0350877
h  5  12  0.0175439
h  6  13  0.0526316
h  7  14  0.0526316
h  8  15  0.0701754
h  9  16  0.140351
h  10  17  0.122807
h  11  18  0.0701754
h  12  19  0.0526316
h  13  20  0.0701754
h  14  21  0.0701754
h  15  22  0.0701754
h  16  23  0.0526316
h  17  24  0.0526316
h  18  25  0.0701754
h  19  26  0
####
H  19
E  5.4  5.6
h  0  7  0
h  1  8  0
h  2  9  0
h  3  10  0
h  4  11  0.0357143
h  5  12  0.0357143
h  6  13  0.0357143
h  7  14  0.0357143
h  8  15  0.0714286
h  9  16  0.107143
h  10  17  0.178571
h  11  18  0.0714286
h  12  19  0.0714286
h  13  20  0.0357143
h  14  21  0.0714286
h  15  22  0.0714286
h  16  23  0.142857
h  17  24  0.0357143
h  18  25  0
h  19  26  0
####
